    0    0    0    0 |    0 + |    0     0 |
    0    0    0    0 |    1 + |    0     1 |
    0    0    0    0 |    2 + |    0     2 |
    0    0    0    0 |    3 + |    0     3 |
    0    0    0    0 |    4 > |    0     4 |
    0    0    0    0 |    5 + |    1     0 |
    0    0    0    0 |    6 + |    1     1 |
    0    0    0    0 |    7 + |    1     2 |
    0    0    0    0 |    8 + |    1     3 |
    0    0    0    0 |    9 + |    1     4 |
    0    0    0    0 |   10 < |    1     5 |
    0    0    0    0 |   11 [ |    0     4 |
    0    0    0    0 |   12 [ |    0     4 |
    0    0    0    0 |   13 - |    0     4 |
    0    0    0    0 |   14 > |    0     3 |
    0    0    0    0 |   15 + |    1     5 |
    0    0    0    0 |   16 < |    1     6 |
    0    0    0    0 |   17 ] |    0     3 |
    0   -1    1    1 |   16 < |    0     3 |
    0   -1    1    1 |   15 + |    0     3 |
    0   -1    1    1 |   14 > |    0     3 |
    0   -1    1    1 |   13 - |    0     3 |
    0   -1    1    1 |   12 [ |    0     3 |
    0    0    0    0 |   11 [ |    0     3 |
    0    0    0    0 |   12 [ |    0     3 |
    0    0    0    0 |   13 - |    0     3 |
    0    0    0    0 |   14 > |    0     2 |
    0    0    0    0 |   15 + |    1     6 |
    0    0    0    0 |   16 < |    1     7 |
    0    0    0    0 |   17 ] |    0     2 |
    0   -1    1    1 |   16 < |    0     2 |
    0   -1    1    1 |   15 + |    0     2 |
    0   -1    1    1 |   14 > |    0     2 |
    0   -1    1    1 |   13 - |    0     2 |
    0   -1    1    1 |   12 [ |    0     2 |
    0    0    0    0 |   11 [ |    0     2 |
    0    0    0    0 |   12 [ |    0     2 |
    0    0    0    0 |   13 - |    0     2 |
    0    0    0    0 |   14 > |    0     1 |
    0    0    0    0 |   15 + |    1     7 |
    0    0    0    0 |   16 < |    1     8 |
    0    0    0    0 |   17 ] |    0     1 |
    0   -1    1    1 |   16 < |    0     1 |
    0   -1    1    1 |   15 + |    0     1 |
    0   -1    1    1 |   14 > |    0     1 |
    0   -1    1    1 |   13 - |    0     1 |
    0   -1    1    1 |   12 [ |    0     1 |
    0    0    0    0 |   11 [ |    0     1 |
    0    0    0    0 |   12 [ |    0     1 |
    0    0    0    0 |   13 - |    0     1 |
    0    0    0    0 |   14 > |    0     0 |
    0    0    0    0 |   15 + |    1     8 |
    0    0    0    0 |   16 < |    1     9 |
    0    0    0    0 |   17 ] |    0     0 |
    0    0    0    0 |   18 ] |    0     0 |
    0    0    0    0 |   19 ! |    0     0 |
